9.130000000000000000e+02 3.200000000000000000e+02
9.870000000000000000e+02 3.470000000000000000e+02
1.023000000000000000e+03 3.430000000000000000e+02
1.042000000000000000e+03 2.410000000000000000e+02
1.055000000000000000e+03 2.510000000000000000e+02
1.069000000000000000e+03 2.410000000000000000e+02
1.098000000000000000e+03 2.220000000000000000e+02
1.109000000000000000e+03 2.330000000000000000e+02
1.123000000000000000e+03 2.230000000000000000e+02
1.152000000000000000e+03 2.050000000000000000e+02
1.168000000000000000e+03 2.160000000000000000e+02
1.180000000000000000e+03 2.050000000000000000e+02
1.210000000000000000e+03 1.880000000000000000e+02
1.222000000000000000e+03 2.000000000000000000e+02
1.235000000000000000e+03 1.890000000000000000e+02
1.230000000000000000e+03 6.600000000000000000e+01
1.217000000000000000e+03 5.700000000000000000e+01
1.207000000000000000e+03 6.700000000000000000e+01
1.175000000000000000e+03 7.200000000000000000e+01
1.158000000000000000e+03 6.200000000000000000e+01
1.150000000000000000e+03 7.400000000000000000e+01
1.119000000000000000e+03 7.900000000000000000e+01
1.108000000000000000e+03 6.500000000000000000e+01
1.097000000000000000e+03 7.800000000000000000e+01
1.065000000000000000e+03 8.100000000000000000e+01
1.055000000000000000e+03 6.600000000000000000e+01
1.046000000000000000e+03 8.100000000000000000e+01
1.018000000000000000e+03 1.180000000000000000e+02
