3.300000000000000000e+01 7.800000000000000000e+01
5.300000000000000000e+01 7.200000000000000000e+01
7.600000000000000000e+01 6.200000000000000000e+01
9.400000000000000000e+01 4.400000000000000000e+01
8.900000000000000000e+01 2.300000000000000000e+01
7.800000000000000000e+01 1.600000000000000000e+01
5.900000000000000000e+01 2.100000000000000000e+01
4.600000000000000000e+01 3.100000000000000000e+01
2.900000000000000000e+01 3.700000000000000000e+01
1.400000000000000000e+01 4.300000000000000000e+01
1.400000000000000000e+01 5.900000000000000000e+01
2.100000000000000000e+01 7.100000000000000000e+01
