3.300000000000000000e+01 7.800000000000000000e+01 0.000000000000000000e+00
4.200000000000000000e+01 7.400000000000000000e+01 0.000000000000000000e+00
5.200000000000000000e+01 7.100000000000000000e+01 0.000000000000000000e+00
6.200000000000000000e+01 6.800000000000000000e+01 0.000000000000000000e+00
7.200000000000000000e+01 6.400000000000000000e+01 0.000000000000000000e+00
8.200000000000000000e+01 5.900000000000000000e+01 0.000000000000000000e+00
8.900000000000000000e+01 5.200000000000000000e+01 0.000000000000000000e+00
9.300000000000000000e+01 4.100000000000000000e+01 0.000000000000000000e+00
9.300000000000000000e+01 3.100000000000000000e+01 0.000000000000000000e+00
8.900000000000000000e+01 2.200000000000000000e+01 0.000000000000000000e+00
7.900000000000000000e+01 1.700000000000000000e+01 0.000000000000000000e+00
6.800000000000000000e+01 1.500000000000000000e+01 0.000000000000000000e+00
5.900000000000000000e+01 1.900000000000000000e+01 0.000000000000000000e+00
5.100000000000000000e+01 2.700000000000000000e+01 0.000000000000000000e+00
4.200000000000000000e+01 3.200000000000000000e+01 0.000000000000000000e+00
3.200000000000000000e+01 3.600000000000000000e+01 0.000000000000000000e+00
2.200000000000000000e+01 3.800000000000000000e+01 0.000000000000000000e+00
1.300000000000000000e+01 4.300000000000000000e+01 0.000000000000000000e+00
1.100000000000000000e+01 5.300000000000000000e+01 0.000000000000000000e+00
1.600000000000000000e+01 6.300000000000000000e+01 0.000000000000000000e+00
