3.300000000000000000e+01 7.800000000000000000e+01 0.000000000000000000e+00
4.800000000000000000e+01 7.200000000000000000e+01 0.000000000000000000e+00
6.400000000000000000e+01 6.700000000000000000e+01 0.000000000000000000e+00
7.800000000000000000e+01 6.100000000000000000e+01 0.000000000000000000e+00
9.000000000000000000e+01 5.000000000000000000e+01 0.000000000000000000e+00
9.400000000000000000e+01 3.400000000000000000e+01 0.000000000000000000e+00
8.700000000000000000e+01 2.100000000000000000e+01 0.000000000000000000e+00
7.200000000000000000e+01 1.500000000000000000e+01 0.000000000000000000e+00
5.800000000000000000e+01 2.100000000000000000e+01 0.000000000000000000e+00
4.600000000000000000e+01 3.100000000000000000e+01 0.000000000000000000e+00
3.200000000000000000e+01 3.600000000000000000e+01 0.000000000000000000e+00
1.600000000000000000e+01 4.100000000000000000e+01 0.000000000000000000e+00
1.200000000000000000e+01 5.500000000000000000e+01 0.000000000000000000e+00
2.000000000000000000e+01 6.900000000000000000e+01 0.000000000000000000e+00
